49 28 47 66 36 58 94 56 51 44 44 94 27 90 6 3 80 78 24 23 10 56 44 17 84 29 47 2 24 7 7 67 3 14 61 35 62 90 83 51 61 78 89 15 78 2 8 75 24 80 78 96 17 22 32 50 59 87 3 31 7 66 68 14 95 47 11 34 47 99 71 87 9 18 53 33 97 15 16 94 24 76 79 93 42 9 70 66 69 38 37 48 54 56 26 8 43 24 61 5
50 49 29 80 44 29 41 68 89 70 66 12 10 32 60 45 32 83 57 57 32 83 88 45 52 87 44 82 100 49 53 21 44 87 44 55 74 67 41 37 88 73 4 39 29 37 82 62 10 47 70 37 46 25 32 72 18 88 87 54 20 81 38 11 83 44 7 62 65 23 22 85 25 34 40 88 93 73 3 27 26 62 57 88 99 34 82 19 88 74 88 95 40 85 94 87 15 35 11 62
79 94 25 98 81 94 29 77 25 72 90 23 31 82 5 64 89 60 63 55 41 64 33 94 0 63 3 24 42 4 31 9 39 35 8 91 25 51 64 88 12 92 77 85 81 46 79 23 65 57 63 27 79 47 60 44 72 36 73 66 44 59 22 12 90 55 8 52 97 49 25 3 69 31 37 8 42 4 58 61 63 49 14 56 76 6 54 70 99 11 66 72 8 64 98 74 14 46 57 57
68 44 95 55 62 25 82 85 36 38 3 95 17 66 34 51 45 98 69 32 75 0 27 8 98 18 63 58 13 92 46 32 15 83 42 17 75 1 45 81 44 58 43 97 24 94 93 72 59 94 79 95 22 81 36 10 82 69 50 79 89 26 61 21 76 8 52 7 45 59 49 60 51 44 28 82 54 93 93 29 94 73 44 84 86 75 83 36 93 22 42 97 14 71 1 53 11 83 94 59
4 18 24 95 22 31 29 52 92 97 39 24 96 84 51 9 98 42 8 24 37 55 78 43 26 46 71 89 7 78 49 19 69 62 67 59 22 84 77 8 93 16 95 84 1 4 33 93 90 85 55 3 23 15 16 10 83 40 99 48 16 97 3 21 90 15 0 19 31 42 18 12 53 7 10 68 69 46 18 60 66 22 24 98 20 44 42 6 47 76 57 66 81 93 59 2 42 85 65 80
66 25 69 8 35 28 7 34 68 30 54 50 9 75 95 63 97 65 6 65 34 69 100 19 41 64 64 38 64 19 41 59 18 36 7 69 1 80 19 8 62 38 58 74 17 0 11 15 17 45 49 69 83 78 45 48 32 78 85 78 45 19 98 92 2 30 6 78 19 69 44 28 98 80 26 17 60 26 80 75 37 80 39 82 39 1 3 37 19 48 66 40 61 36 1 17 94 9 21 94
58 37 91 22 6 24 16 97 44 28 83 95 12 47 74 64 26 89 30 51 6 21 62 20 21 88 24 57 34 47 52 72 52 96 9 100 68 20 76 87 18 34 14 4 81 26 18 30 74 42 3 20 43 96 54 74 13 92 46 16 9 18 38 79 72 36 32 67 16 57 78 11 93 67 90 8 47 1 88 24 82 74 97 30 35 76 62 66 16 88 58 85 97 66 17 41 48 36 38 48
53 5 48 52 90 25 28 56 85 5 30 62 24 97 11 59 98 75 85 98 100 26 61 92 4 91 70 25 22 99 100 92 18 89 97 56 9 96 42 25 63 65 29 97 54 95 41 11 98 8 24 91 36 86 66 30 77 17 7 79 61 10 29 76 97 66 44 8 22 32 5 87 83 74 80 60 78 53 45 57 56 86 29 26 35 27 4 19 95 43 99 50 59 92 54 13 52 85 87 15
5 40 55 26 84 41 18 31 15 43 20 21 60 33 40 59 95 6 34 50 83 19 75 96 8 11 60 44 11 88 63 15 61 4 78 93 71 65 22 1 25 63 62 1 73 78 34 72 86 42 10 39 34 89 88 76 73 1 15 28 52 97 18 44 14 56 2 19 75 18 18 26 56 98 14 92 58 15 14 93 63 22 73 70 89 68 19 86 26 43 84 46 22 59 71 37 4 75 67 3
39 65 76 6 1 26 28 20 80 66 49 3 65 30 30 17 83 38 18 14 19 23 15 30 43 65 48 82 13 73 29 58 38 16 72 23 33 34 19 35 44 64 67 47 37 31 81 50 39 16 54 15 97 3 33 61 34 27 47 66 16 59 34 99 6 29 42 51 89 77 9 2 19 65 91 72 40 33 22 20 61 72 38 36 53 15 50 71 67 88 32 11 68 54 10 78 3 35 60 84
27 24 11 61 57 72 11 1 86 98 50 26 21 34 8 44 1 54 31 64 49 3 10 99 91 71 59 83 75 50 39 69 95 37 39 7 98 1 4 98 46 26 61 63 96 9 76 62 74 43 51 26 60 59 39 54 51 1 2 39 91 53 57 72 80 10 81 25 72 18 90 28 86 60 63 39 91 21 68 88 91 13 7 81 76 2 15 61 97 22 46 58 64 91 55 77 63 90 27 24
59 57 59 30 66 90 24 52 39 31 27 14 52 52 84 87 74 26 29 5 59 45 10 79 64 14 13 29 84 21 99 7 55 31 80 97 15 72 98 38 28 55 8 19 12 44 40 75 11 87 45 59 99 86 18 22 2 74 33 41 3 57 62 85 44 26 51 70 53 0 59 85 1 1 36 77 59 76 95 29 3 96 7 55 26 55 99 43 5 67 27 77 68 35 33 64 82 68 42 47
12 80 65 42 31 45 98 21 4 53 68 10 19 53 77 79 32 80 17 52 91 58 22 36 19 66 2 19 90 51 52 89 29 55 48 46 51 51 88 19 6 58 28 32 62 96 12 91 63 1 43 58 79 46 98 23 26 6 21 97 73 55 68 28 59 39 62 79 32 35 44 88 23 49 88 67 1 99 81 23 21 95 29 66 40 19 31 60 76 81 77 59 34 63 25 61 63 45 75 17
81 91 73 84 11 44 100 54 59 64 61 69 97 8 62 42 41 54 99 61 64 32 96 94 45 65 86 56 48 11 78 69 18 46 42 19 27 47 31 5 7 63 93 20 67 25 13 98 36 80 85 41 10 98 60 16 54 36 55 67 99 16 65 29 0 37 22 90 96 26 87 87 69 51 56 46 36 30 97 10 51 82 99 64 30 40 61 0 39 76 47 4 84 12 71 56 4 74 97 25
3 95 24 88 28 95 15 23 97 5 22 67 29 14 81 85 93 93 56 25 78 30 82 90 50 16 50 33 46 13 42 22 77 92 18 20 77 32 32 27 12 76 42 24 44 64 96 50 38 34 98 64 89 45 40 73 49 81 67 32 47 63 31 14 27 3 83 45 15 25 24 11 0 19 3 39 34 99 16 85 53 24 61 65 54 56 93 51 19 90 6 4 15 4 26 28 73 98 62 70
88 16 55 15 77 52 23 25 87 64 52 20 34 45 14 46 74 65 26 89 84 93 19 52 77 50 42 20 67 2 57 38 58 58 55 28 57 66 93 43 69 37 90 91 69 95 62 18 74 88 6 18 57 74 86 40 37 21 20 61 68 45 55 15 24 35 2 27 63 41 28 28 56 65 84 32 91 90 85 5 34 79 65 12 93 56 83 28 68 7 24 9 27 55 41 48 67 84 68 35
36 67 17 34 12 74 31 13 89 7 62 0 20 46 62 10 34 25 93 30 30 53 18 44 57 20 92 81 38 0 13 23 42 36 13 10 78 50 90 42 32 28 54 20 98 23 43 26 100 66 30 85 67 19 8 33 17 16 30 57 36 12 83 72 33 19 81 64 40 95 76 49 32 1 4 2 66 59 45 42 15 35 92 24 0 33 44 20 47 23 1 65 84 40 70 78 43 55 77 2
4 31 54 7 23 0 98 53 14 28 56 76 31 16 6 60 27 52 28 42 68 91 74 76 74 96 89 5 76 32 60 12 96 88 56 55 12 71 93 25 31 24 21 6 8 11 75 36 36 56 1 98 90 100 1 90 71 51 45 45 60 2 92 10 43 79 55 22 64 64 4 71 74 62 62 24 53 12 30 34 71 51 16 77 26 28 39 74 95 7 42 98 82 70 33 15 33 90 3 44
61 63 50 30 14 15 44 62 62 16 44 63 49 94 96 57 75 84 24 73 68 78 19 67 64 55 52 32 80 21 21 56 0 76 68 57 79 48 95 62 32 23 32 80 83 96 16 93 9 49 82 73 100 91 51 49 29 93 34 95 36 52 29 56 21 72 51 91 75 18 77 19 58 45 42 50 7 71 54 1 42 17 2 47 90 86 52 83 33 33 32 86 13 35 98 98 18 39 38 87
3 39 72 59 78 62 87 20 92 51 78 45 95 55 57 96 32 26 53 48 31 5 46 73 8 30 21 65 65 19 81 16 86 92 63 20 79 24 13 45 0 98 64 28 88 93 94 2 69 19 61 2 52 18 4 53 95 82 0 43 61 91 90 90 27 71 74 40 12 78 79 67 18 8 98 27 41 96 36 94 21 98 21 48 80 36 25 82 49 14 50 26 44 49 92 15 84 43 28 79
31 80 24 9 58 72 54 76 83 81 80 51 33 37 40 64 44 56 6 25 11 92 0 43 37 64 54 84 89 22 85 5 95 29 29 74 53 58 25 61 10 32 79 74 21 65 4 12 16 84 40 56 21 30 53 64 49 21 82 48 92 97 51 83 1 36 49 8 22 74 61 26 30 41 50 82 45 82 14 33 94 65 31 43 3 32 51 99 28 39 87 47 55 70 14 60 93 95 88 23
75 3 66 27 5 31 53 3 38 92 49 27 99 57 42 25 28 22 7 92 26 89 65 38 77 65 61 2 33 84 71 99 51 97 49 41 30 79 17 42 15 85 43 52 67 89 25 4 66 35 35 38 88 84 29 30 93 37 38 64 81 87 28 59 59 47 70 68 44 97 66 80 33 76 36 22 61 66 94 90 32 98 48 89 50 94 69 34 45 4 97 5 42 4 62 54 62 94 75 18
22 30 24 46 3 75 1 33 5 53 68 14 61 63 98 89 73 31 77 45 30 44 97 71 2 2 94 31 97 73 39 41 58 54 59 13 58 12 33 53 79 23 26 4 98 88 53 86 65 53 30 73 69 41 57 47 42 37 65 28 73 73 3 3 15 6 73 46 59 17 47 6 41 34 0 78 25 54 39 75 59 95 81 100 92 87 54 69 96 96 65 80 85 95 4 80 50 39 30 73
37 89 31 20 6 75 27 80 17 48 81 12 3 6 47 27 21 78 21 53 30 89 54 90 39 47 51 2 84 10 77 79 39 58 71 61 53 24 47 92 27 72 42 86 75 52 71 71 4 54 26 1 53 19 9 42 98 76 57 97 4 86 39 99 71 55 87 8 45 45 21 30 83 40 62 41 22 38 64 20 38 83 51 96 11 41 74 3 93 21 19 36 92 84 28 4 55 94 38 86
24 25 83 78 80 50 62 91 75 48 68 30 69 54 68 86 44 31 35 61 24 17 14 7 8 47 85 28 71 3 37 23 66 36 34 43 76 23 69 69 57 48 27 78 75 76 52 61 67 29 5 52 10 18 52 33 26 3 5 38 84 90 60 2 68 39 65 22 100 27 48 9 6 16 85 49 99 56 17 75 98 48 16 68 65 72 28 3 34 25 12 76 82 59 77 0 96 59 11 71
57 89 74 86 82 1 12 61 55 53 87 77 96 47 88 50 67 7 34 10 35 88 62 17 85 87 51 52 30 38 4 85 8 82 4 28 73 2 20 35 93 50 51 63 72 63 99 18 89 68 42 35 1 5 9 41 46 99 64 30 85 44 53 66 76 16 22 67 0 13 55 38 37 79 67 44 90 7 23 51 24 56 56 5 90 33 25 46 34 97 69 7 25 33 11 5 3 43 12 21
26 21 87 83 68 92 8 78 41 45 54 57 94 72 36 55 92 65 2 38 78 2 90 62 30 59 59 62 85 88 100 27 8 67 18 84 10 44 25 59 53 65 75 63 70 84 68 97 27 24 9 30 66 10 7 23 6 63 90 88 4 5 86 70 15 80 62 46 62 8 19 20 80 7 96 84 44 58 74 54 83 88 55 86 77 2 65 5 69 10 20 79 90 5 52 17 48 62 74 39
75 75 48 43 65 22 80 48 54 16 17 21 28 5 58 10 77 19 26 100 74 11 83 37 25 90 65 11 77 48 25 91 87 60 4 7 80 88 86 32 83 3 12 32 6 45 21 7 7 9 65 64 84 3 62 68 34 18 71 76 29 89 53 42 76 92 36 15 43 52 26 78 49 85 50 72 60 69 47 87 94 80 100 67 80 54 12 28 47 75 39 33 42 74 96 50 58 90 67 47
20 8 90 13 43 60 8 57 17 59 16 75 64 5 74 26 31 11 57 86 11 87 18 18 72 43 52 93 40 37 52 63 36 21 63 15 35 21 61 36 4 50 48 69 65 61 48 34 68 34 18 83 39 75 21 4 61 15 78 54 5 35 84 81 18 64 59 64 57 98 13 17 98 5 88 94 47 36 61 42 78 31 98 71 72 47 95 16 65 52 53 49 59 94 56 28 52 70 95 41
86 35 60 46 72 14 56 64 78 88 95 18 87 13 5 15 94 36 89 45 28 17 47 21 92 40 79 76 22 39 84 25 30 50 8 63 29 21 4 23 36 61 64 81 54 91 3 24 23 60 57 97 39 77 20 3 63 88 24 67 87 71 13 18 67 51 93 28 48 7 22 88 61 31 57 56 67 91 29 12 20 85 14 22 52 99 14 66 83 22 54 73 35 7 80 95 67 66 13 14
47 49 36 89 5 60 55 16 33 3 71 98 53 63 13 64 99 11 78 74 10 23 57 37 97 55 18 29 70 89 14 10 78 89 93 19 44 87 40 79 72 73 11 90 72 7 70 30 80 49 14 27 87 25 63 60 36 90 11 84 90 23 93 85 28 91 78 20 45 83 37 27 13 63 36 14 98 100 28 71 24 86 85 10 5 0 46 13 67 6 43 87 17 35 57 18 9 86 43 75
86 20 60 79 98 7 46 93 41 5 33 92 100 25 4 19 82 53 5 13 47 3 59 36 49 10 47 54 38 83 47 66 90 95 33 61 58 79 3 53 97 12 35 38 54 8 49 91 35 20 50 66 74 14 33 32 49 43 50 11 79 37 24 25 13 38 2 0 94 63 92 97 8 14 8 11 25 37 100 18 95 87 77 44 10 15 29 63 55 93 57 76 28 59 3 75 80 85 54 6
72 74 99 87 59 98 36 57 77 97 3 88 34 37 13 73 68 79 12 41 0 36 53 65 65 25 64 29 84 52 4 94 12 35 10 71 84 63 23 21 48 6 23 99 9 66 86 3 78 80 44 8 12 16 48 29 21 74 8 69 40 29 30 7 43 18 42 12 63 14 73 68 37 4 90 57 45 56 17 25 20 4 4 76 20 84 46 70 37 6 99 23 35 62 83 11 80 28 76 31
12 2 39 8 9 48 12 95 58 59 77 29 36 86 14 56 97 25 29 76 1 95 18 33 25 94 35 32 44 93 44 50 38 73 31 26 84 69 59 68 44 23 76 95 94 57 24 71 97 54 38 29 37 64 9 79 96 18 20 18 44 0 56 72 66 41 0 49 60 20 76 21 68 75 65 7 65 55 67 79 10 58 24 93 46 64 34 92 91 3 87 48 54 9 46 41 4 20 98 65
46 82 73 13 58 30 49 24 23 71 20 37 56 0 14 55 74 86 11 82 85 53 52 21 12 57 72 47 50 81 8 78 34 24 85 15 96 94 30 13 39 9 23 56 70 88 86 21 31 94 58 6 88 18 35 17 51 91 14 83 32 96 91 69 52 77 28 56 21 61 8 73 51 18 98 80 77 72 65 28 31 21 46 9 71 24 11 75 35 60 50 14 87 85 92 57 52 97 36 24
48 16 25 97 61 82 90 97 97 90 6 4 87 46 69 25 4 1 14 57 92 25 64 32 37 31 36 56 59 95 9 45 30 23 16 8 77 22 94 28 58 9 47 40 47 20 67 67 90 55 67 48 99 4 28 78 42 81 13 51 71 51 43 77 30 77 94 98 62 7 71 7 33 72 78 77 84 67 75 48 41 64 90 17 84 52 54 37 41 93 36 73 50 1 32 88 63 47 38 62
2 79 77 17 22 33 79 30 33 40 23 15 48 97 8 90 94 63 65 56 54 25 2 42 32 26 37 48 36 40 60 53 3 47 85 67 5 18 98 94 65 81 45 76 5 91 53 16 65 41 90 1 56 20 99 15 48 39 72 39 73 97 3 35 2 27 80 5 16 28 99 39 54 88 95 28 97 88 16 60 25 15 95 83 34 14 56 21 72 58 35 63 80 36 73 53 14 14 47 4
18 2 8 46 32 77 41 96 74 85 10 24 6 80 86 76 46 36 81 15 29 29 80 79 56 40 10 85 76 34 38 84 20 90 25 7 25 10 98 92 100 27 90 60 73 25 74 56 61 92 85 61 89 56 80 89 67 78 41 26 9 29 53 26 38 49 56 83 17 45 40 46 81 4 43 29 61 50 54 2 89 63 2 89 51 65 58 54 18 86 30 29 32 87 19 80 61 66 10 26
81 92 75 40 29 23 54 44 53 12 57 41 10 50 46 59 56 85 24 96 67 59 32 32 87 7 98 53 96 35 52 65 10 15 73 50 17 40 91 3 38 57 55 1 23 89 91 1 82 74 87 50 70 35 14 58 60 76 80 21 63 5 2 14 83 98 8 80 37 61 92 92 77 65 53 77 69 94 12 61 15 83 92 58 75 96 37 47 94 49 4 21 68 49 1 77 66 10 81 47
57 88 83 20 83 2 74 54 92 100 20 14 80 87 47 24 86 30 15 16 41 97 15 76 35 81 88 28 38 61 82 30 82 51 56 90 65 75 80 80 35 98 54 18 80 27 66 60 94 15 60 35 67 41 12 41 90 37 93 79 14 26 16 58 61 94 66 40 78 75 1 46 64 18 74 81 61 34 85 53 5 61 30 78 32 31 21 94 41 25 42 54 78 87 4 43 99 64 46 65
0 34 30 66 42 67 70 53 26 80 42 79 88 37 58 100 65 80 20 50 76 14 51 97 60 65 12 20 59 75 15 88 49 52 52 65 89 76 35 54 78 61 0 10 8 64 81 30 37 26 98 81 59 59 80 88 46 77 45 88 20 0 62 81 40 55 33 7 22 48 23 7 71 61 17 12 31 45 34 60 28 24 39 82 1 13 37 31 18 42 65 52 32 51 18 58 54 88 49 49
7 87 42 81 14 6 72 22 35 35 2 39 76 33 22 75 46 14 45 66 90 92 10 16 61 22 76 36 40 25 62 10 82 22 64 89 41 11 96 15 11 99 7 23 45 23 94 75 60 81 35 36 74 67 95 84 58 58 90 49 79 94 18 50 35 30 29 30 15 70 32 62 5 92 20 86 31 45 30 61 28 35 6 88 19 76 60 46 11 92 30 43 10 53 73 96 87 16 55 86
89 20 12 43 7 78 44 55 8 53 24 45 77 6 3 60 71 42 8 50 14 63 98 72 89 48 14 27 49 42 54 94 18 17 35 33 78 66 31 23 27 90 58 44 5 18 9 97 89 56 43 78 85 93 91 54 17 40 99 43 77 40 15 56 88 83 9 32 69 69 87 18 66 78 57 43 58 49 1 5 28 6 58 94 65 54 76 87 21 14 76 95 43 99 27 72 39 1 71 71
53 14 76 17 36 68 13 84 95 9 91 56 28 20 28 80 56 1 55 43 65 93 54 13 83 60 32 40 84 69 89 20 99 8 38 26 31 72 50 92 4 47 62 86 52 64 52 43 69 60 23 64 4 74 38 48 32 68 24 9 98 65 37 45 4 88 74 98 26 20 57 6 31 3 37 64 59 36 39 94 80 38 46 20 38 3 64 71 7 17 67 69 21 100 94 44 58 46 32 76
28 29 90 3 57 80 12 27 3 23 26 84 55 49 34 43 84 54 39 75 49 1 5 12 13 70 42 16 64 21 82 56 66 55 99 88 68 88 40 63 69 5 66 52 54 26 69 18 33 11 6 99 68 48 86 85 62 42 60 70 60 44 53 70 3 65 91 45 57 23 54 58 15 22 93 62 49 41 84 84 35 82 32 84 78 78 59 49 20 66 44 4 94 17 66 36 46 15 83 97
60 46 22 39 19 52 9 59 28 30 80 63 23 9 94 69 24 71 38 5 22 44 81 45 96 82 63 98 66 49 2 20 19 23 47 9 11 94 19 74 19 23 6 19 5 36 45 81 2 13 50 4 94 80 88 95 47 7 24 99 0 46 100 7 67 24 55 12 27 50 68 40 6 45 91 98 76 42 43 12 87 87 94 68 20 42 90 65 46 43 16 18 71 25 51 41 81 84 4 24
12 44 31 25 36 97 46 88 42 11 23 76 95 65 7 68 29 42 36 21 13 10 17 6 71 14 81 50 7 12 85 4 73 33 94 36 47 46 16 40 83 25 87 75 35 59 22 68 3 29 47 55 42 49 40 34 23 17 62 70 97 17 44 80 91 51 63 29 97 1 75 13 88 95 25 61 91 37 61 25 14 6 23 8 42 90 8 16 2 81 43 69 50 6 45 65 99 42 20 41
53 47 13 36 46 47 3 91 37 41 53 3 99 77 58 45 85 6 69 98 9 27 81 11 28 96 48 34 3 94 74 41 31 76 38 4 58 16 26 56 96 7 93 75 37 31 27 77 53 12 62 8 25 22 59 61 58 19 21 72 23 63 40 6 90 13 26 51 56 100 93 60 61 23 6 85 61 28 90 4 34 78 52 30 48 33 90 32 12 86 76 28 96 65 52 70 81 97 98 6
28 95 9 14 86 45 89 77 61 51 7 1 95 58 5 65 39 43 23 32 60 23 57 5 75 84 75 46 70 65 8 33 60 86 59 90 70 9 20 91 59 48 38 74 43 73 6 20 8 83 47 45 39 38 91 13 26 17 87 89 100 31 100 67 65 52 7 16 79 28 75 65 36 91 61 60 31 8 36 15 27 62 18 63 100 36 28 70 32 64 53 69 92 42 34 60 97 22 59 70
21 4 30 45 69 40 5 60 55 69 43 8 26 53 95 33 85 17 33 35 47 29 8 91 82 59 32 96 29 22 48 1 47 45 35 50 41 53 6 6 76 93 47 50 4 39 43 81 76 44 97 9 34 38 92 85 74 68 69 55 95 21 26 55 90 56 99 67 49 63 62 72 77 57 95 87 32 98 75 49 82 20 48 71 40 80 43 79 5 58 10 3 24 7 12 60 7 3 83 50
79 45 17 91 22 94 13 89 45 23 45 58 26 99 69 62 87 5 74 75 98 69 80 72 83 4 16 78 91 21 93 50 91 82 73 24 6 85 13 68 69 66 8 38 31 22 5 11 49 44 65 14 84 99 72 77 22 68 67 4 5 52 20 29 71 94 31 30 31 58 67 14 50 90 90 36 84 33 77 72 16 34 14 1 66 40 36 39 66 55 90 82 91 62 99 22 13 89 40 6
12 25 16 97 2 24 10 3 64 84 97 78 83 61 21 49 52 44 40 60 42 99 40 68 46 96 5 6 93 70 47 33 45 9 19 44 31 65 82 80 8 68 59 56 60 21 91 96 65 8 50 96 88 52 8 52 20 36 19 17 49 94 18 39 56 59 58 10 72 56 76 12 8 49 90 69 52 6 2 33 23 19 5 45 10 52 7 86 80 50 55 98 49 17 92 94 57 63 36 25
15 71 62 8 56 67 22 42 26 79 3 76 69 76 51 61 62 57 54 10 100 59 72 94 18 34 45 67 3 56 1 4 21 36 38 13 49 83 58 8 69 81 55 54 46 12 55 40 50 28 72 5 51 32 24 29 6 99 97 1 66 3 18 56 45 95 71 93 58 63 97 10 39 81 3 94 27 33 22 8 17 96 89 36 67 30 27 94 13 89 79 19 22 41 25 27 79 46 82 80
42 32 35 19 31 35 28 17 61 75 58 85 92 19 27 9 32 20 47 94 80 95 57 56 83 70 6 65 35 25 87 98 47 8 30 62 79 99 75 21 32 83 57 69 18 55 77 66 42 92 33 52 7 92 39 91 20 10 18 30 22 34 96 9 27 32 93 70 60 40 86 30 96 4 23 27 80 56 77 95 13 46 74 48 10 31 17 40 72 4 11 3 51 68 54 62 97 17 31 44
59 31 93 21 82 16 83 40 99 60 62 76 48 65 30 6 66 25 12 73 31 40 24 50 61 56 34 13 15 50 39 92 45 62 98 6 85 72 61 25 27 23 77 43 58 94 42 2 74 64 33 29 8 53 74 52 85 26 89 1 48 33 59 82 88 23 99 64 52 97 5 70 18 77 21 16 98 76 17 53 71 32 29 42 98 11 3 22 65 73 0 47 74 4 62 31 27 32 84 32
40 22 62 22 4 4 73 92 7 45 57 61 72 32 15 74 71 79 55 49 76 92 80 33 53 16 4 94 55 26 8 70 93 29 64 16 14 7 96 55 98 55 73 42 40 50 81 78 6 9 62 79 80 12 40 98 37 22 41 66 6 62 64 53 10 97 72 64 19 44 16 85 98 29 12 77 45 65 49 24 15 50 18 86 28 0 30 11 12 96 94 30 40 31 66 66 76 56 8 21
15 13 12 8 55 86 37 6 5 25 41 25 82 40 11 93 83 65 100 29 20 10 30 32 98 51 93 100 60 13 57 53 91 59 1 77 17 75 65 52 82 76 97 74 55 73 49 77 68 31 48 21 87 56 2 73 69 59 78 87 44 60 99 77 45 58 35 39 53 67 23 61 21 84 30 2 95 74 80 17 88 2 21 51 59 82 68 99 82 91 21 6 45 51 31 34 17 24 62 70
56 65 81 76 77 15 99 76 71 14 77 97 39 96 67 40 81 73 38 6 76 1 84 57 35 46 46 23 43 2 13 67 8 16 19 78 51 78 53 39 99 10 56 81 91 83 6 31 7 44 76 62 100 66 67 15 39 49 27 75 70 21 15 97 63 39 57 28 14 63 61 11 39 96 65 65 76 39 88 53 44 97 53 50 63 95 23 2 65 77 31 38 37 47 11 97 32 90 31 2
35 77 65 30 50 10 67 65 11 83 19 49 40 70 90 6 86 49 97 15 30 43 37 16 62 6 82 16 45 23 73 55 4 12 20 62 23 97 97 56 61 42 79 4 80 18 78 33 57 85 41 2 38 87 37 86 17 97 73 28 53 68 12 75 64 31 23 25 69 31 73 18 10 59 76 68 92 4 11 85 93 56 90 80 92 22 17 44 16 39 38 36 18 49 89 68 24 70 100 54
81 59 85 29 96 79 93 28 76 24 41 23 17 94 43 87 14 25 64 34 24 24 41 69 35 77 76 70 42 63 4 81 42 42 32 98 46 43 12 16 17 42 40 98 55 62 39 41 15 69 1 11 58 83 69 20 66 20 83 53 33 87 26 66 76 83 47 32 10 14 70 49 73 78 55 76 63 65 38 77 70 11 36 49 42 36 99 1 48 19 61 69 51 97 94 40 60 40 89 98
13 9 100 91 41 30 46 86 35 52 9 14 78 93 48 9 63 100 32 84 66 47 2 93 62 13 52 9 52 21 23 100 38 37 61 71 82 45 22 34 8 52 74 22 77 38 82 46 38 61 71 94 84 53 5 17 85 13 95 79 22 93 75 39 3 55 42 54 10 54 0 52 27 45 99 41 48 44 78 16 19 45 90 57 12 21 85 47 84 66 18 96 21 67 31 19 0 15 84 88
76 82 78 3 70 28 5 87 9 65 19 64 100 38 80 65 75 54 88 68 60 95 37 43 34 73 20 91 54 1 53 13 27 46 66 62 24 80 99 94 77 25 79 46 39 69 77 32 26 8 80 92 23 5 43 34 68 22 44 50 89 46 1 40 11 97 39 10 20 92 68 1 84 61 42 76 25 55 39 58 29 21 49 78 41 77 8 41 98 82 60 23 91 52 49 18 65 11 35 97
72 11 62 32 17 23 11 11 15 85 67 51 47 33 99 77 40 99 32 73 46 20 35 19 92 54 22 68 29 5 17 81 76 97 20 69 52 62 34 23 50 13 45 37 39 60 90 41 24 81 39 42 21 54 57 79 46 32 19 31 76 8 38 77 57 92 86 10 21 23 20 73 6 81 27 30 96 18 66 64 24 21 45 40 7 1 31 49 87 94 72 36 56 77 86 55 89 13 66 92
53 72 8 38 30 95 54 73 19 25 26 40 31 67 19 72 21 39 48 15 44 16 19 74 73 40 59 80 30 56 69 44 36 45 30 27 70 71 91 67 54 16 91 89 17 77 45 56 55 40 8 42 65 7 8 62 37 83 10 69 20 64 32 3 47 22 31 6 10 60 79 26 46 41 93 70 66 6 21 53 80 88 99 49 21 39 58 18 12 67 42 58 11 53 56 13 39 57 95 12
59 92 83 13 50 13 94 86 10 27 53 96 90 94 97 4 31 6 49 60 15 80 99 47 57 4 24 76 1 4 39 49 74 75 43 42 19 88 48 90 65 64 20 4 41 46 22 41 20 7 34 76 34 21 37 24 84 12 5 59 58 23 58 25 50 88 8 70 31 22 15 34 3 84 69 67 7 9 13 38 21 30 33 55 50 92 65 100 27 65 58 28 7 2 59 41 51 95 68 92
12 89 26 88 88 90 96 18 84 5 63 10 11 40 43 16 28 23 74 88 88 47 3 48 46 92 62 100 57 28 5 41 17 28 97 50 97 47 50 21 46 91 14 96 1 87 97 23 79 11 23 58 78 47 40 15 95 80 70 77 72 29 16 46 1 89 84 63 4 95 91 33 75 62 99 73 83 58 86 35 66 81 71 9 50 37 74 39 48 15 63 65 29 93 5 70 48 39 41 57
47 88 40 96 37 57 57 17 17 29 88 12 14 41 95 76 87 28 17 81 29 46 26 45 31 74 54 15 89 33 90 11 12 98 2 27 92 24 70 71 32 2 78 56 59 7 74 76 33 30 65 31 13 79 11 68 47 8 23 29 21 2 57 10 90 81 5 7 32 12 21 25 83 47 81 8 41 63 54 0 14 16 55 77 42 19 53 91 86 30 70 40 83 84 30 63 14 20 84 70
2 58 79 50 90 84 25 47 42 82 91 60 11 74 92 79 94 59 89 23 78 19 96 32 84 86 37 41 59 15 79 92 17 87 51 34 46 35 73 87 75 22 67 50 55 14 87 30 10 28 77 27 68 48 94 16 93 3 35 9 61 25 68 49 60 89 6 28 45 38 10 23 69 74 97 75 94 58 22 7 73 52 93 36 20 34 90 44 81 33 70 7 49 99 24 88 1 7 4 12
43 16 51 91 14 74 65 86 52 84 68 33 53 43 21 23 40 49 14 80 40 62 90 28 46 30 47 53 0 9 32 6 12 60 76 43 28 4 31 90 40 68 97 48 63 28 79 61 21 45 12 46 22 13 63 1 41 10 28 59 27 78 28 42 47 66 94 80 3 68 92 66 94 91 85 76 43 30 2 5 94 34 20 96 87 72 41 17 72 18 6 73 47 10 22 64 96 98 18 5
67 34 16 83 44 46 53 2 2 51 86 24 99 87 17 31 93 58 72 92 18 32 71 41 54 83 25 89 74 68 90 10 47 1 48 12 42 72 100 12 12 69 44 73 12 81 81 74 82 68 10 81 22 86 48 73 80 100 4 26 31 42 37 65 69 68 8 84 61 1 88 71 75 91 51 73 98 59 2 15 93 37 70 68 82 97 44 35 68 6 90 47 13 74 36 1 56 35 58 30
31 54 23 19 73 20 67 55 78 22 75 69 9 17 82 4 84 5 22 0 91 75 40 4 69 97 93 34 84 3 81 36 18 26 75 48 13 44 28 38 34 39 74 56 67 66 56 25 25 64 72 65 11 75 45 19 79 77 5 20 16 87 71 62 66 20 80 27 50 36 25 80 82 72 9 87 33 3 66 44 55 63 1 33 4 67 7 92 9 16 81 99 24 35 94 47 66 27 44 98
67 55 79 6 27 92 98 74 14 38 7 38 57 24 13 3 15 86 36 57 97 3 7 37 61 100 41 34 36 19 32 98 12 38 83 33 40 43 29 67 15 26 60 33 66 94 67 97 26 80 54 76 36 43 51 62 53 97 74 19 43 74 64 74 94 57 6 18 4 16 24 66 81 53 38 5 48 65 25 81 39 15 23 71 54 17 11 25 66 33 72 19 49 16 32 28 24 38 85 76
7 65 12 4 41 58 92 93 93 35 45 27 27 46 68 55 62 9 44 63 59 61 57 32 98 74 28 25 46 97 55 85 55 27 78 18 46 64 73 69 73 5 34 43 29 48 68 19 35 40 54 18 12 95 19 88 29 2 90 23 73 25 89 49 96 18 65 39 15 95 58 74 69 75 19 24 58 62 3 29 40 92 88 99 51 83 75 17 28 93 57 79 51 61 45 72 15 24 74 62
82 86 59 16 23 68 59 59 54 79 62 47 18 86 39 19 75 42 32 19 39 37 67 82 36 68 30 81 59 63 19 23 52 21 56 49 23 68 9 69 42 57 34 56 57 57 4 25 57 73 36 81 43 55 69 60 53 43 90 37 16 76 35 18 28 15 58 47 6 99 77 86 15 95 95 2 57 34 25 97 87 11 52 73 56 52 55 49 5 36 44 54 79 18 71 61 70 81 26 28
41 4 73 32 66 39 60 61 15 15 97 43 33 45 40 38 33 92 7 69 74 74 23 65 46 55 64 70 63 65 27 95 20 2 5 77 25 58 77 67 37 16 31 29 2 11 23 7 11 56 21 67 38 94 91 72 48 16 68 89 6 9 88 88 85 96 54 13 1 19 18 85 97 11 38 35 61 81 61 17 65 23 27 94 97 65 10 86 47 13 12 42 64 87 38 21 26 58 19 7
39 59 28 39 77 81 86 9 99 51 86 28 70 53 26 19 86 36 32 59 38 73 80 17 64 96 1 85 90 42 37 50 61 82 33 64 87 23 86 6 54 79 34 84 88 48 97 29 95 85 3 84 94 16 48 86 66 86 10 33 23 7 40 30 86 4 75 61 83 91 41 39 35 23 61 81 59 18 61 94 25 42 30 3 1 98 15 54 31 83 37 90 21 51 19 92 72 13 85 35
14 87 92 51 84 42 10 30 4 51 6 48 94 99 24 19 66 55 89 31 23 75 22 66 90 78 65 68 38 94 33 46 8 30 24 57 43 94 24 81 79 90 2 45 21 67 9 42 50 13 60 1 8 93 48 67 85 15 75 46 80 3 46 22 98 31 98 65 13 97 56 12 66 47 31 46 74 26 76 17 72 77 6 4 67 72 28 18 47 87 67 8 10 48 47 28 52 62 41 41
26 16 30 56 59 80 80 8 25 87 24 31 77 1 34 73 55 6 84 85 22 86 82 75 53 10 18 56 47 98 75 47 57 88 45 69 48 27 89 5 49 79 57 28 87 7 21 73 98 64 43 60 66 42 71 80 40 10 21 49 30 75 21 21 22 85 1 29 89 97 57 59 94 89 30 66 57 77 20 91 19 17 56 92 67 38 19 87 9 100 71 6 83 49 78 35 81 26 5 16
88 78 46 71 16 57 63 50 56 67 7 62 85 52 59 58 34 72 52 100 76 0 81 1 82 96 69 29 77 67 55 16 80 40 88 64 18 24 30 50 5 98 9 78 42 33 3 83 53 43 59 96 33 18 22 43 24 89 60 16 50 74 51 99 28 93 26 99 64 60 96 23 83 63 55 31 99 86 40 57 70 77 37 96 39 33 13 99 80 4 83 52 2 58 53 67 30 73 51 55
67 34 14 88 62 11 10 60 17 36 13 19 8 79 80 65 72 27 39 45 23 57 2 52 20 64 6 87 33 81 68 71 22 100 72 25 88 61 28 13 75 37 73 58 6 55 67 68 49 47 11 2 100 30 47 76 96 70 17 74 81 32 17 36 99 25 80 93 45 88 86 39 87 17 97 19 62 95 90 20 3 92 56 84 95 98 92 47 49 76 26 41 76 38 65 4 85 88 67 46
60 13 44 56 72 3 52 20 48 94 70 71 55 94 81 22 92 42 93 62 37 34 14 94 55 4 12 22 73 61 27 64 51 55 26 90 8 86 13 84 66 34 79 88 22 81 10 66 74 2 74 24 85 50 57 60 47 99 10 99 10 46 14 47 47 72 1 79 17 98 20 40 93 17 6 69 12 71 13 4 77 93 25 53 78 95 83 11 5 62 5 96 16 15 39 99 70 64 26 67
68 83 14 10 56 38 41 42 68 73 51 25 27 27 86 45 65 23 69 6 54 94 65 46 55 12 66 33 5 86 33 87 1 79 59 98 96 60 60 32 86 72 26 17 33 14 92 63 58 86 94 5 43 69 67 95 3 37 35 7 20 59 43 43 3 35 86 53 21 86 4 49 51 8 79 33 96 10 55 28 85 3 63 75 45 80 25 47 29 76 3 97 51 9 15 33 23 12 74 5
74 31 66 71 26 71 52 62 90 6 84 97 80 27 93 70 43 92 58 11 39 61 60 60 56 73 39 95 75 85 49 17 34 49 36 20 6 68 11 16 77 70 6 78 67 40 34 19 21 35 85 100 6 83 7 73 28 36 37 25 62 41 6 32 22 29 61 80 54 54 9 66 89 4 65 0 26 54 8 9 90 36 63 53 50 96 31 87 83 6 39 57 18 74 29 19 76 46 31 55
11 4 89 74 59 58 73 52 73 41 36 49 24 79 30 83 45 94 15 93 36 22 12 81 36 100 12 98 72 70 60 33 71 59 40 39 38 60 90 14 76 84 91 22 19 65 68 47 90 25 98 48 64 12 89 92 79 16 28 33 37 73 39 52 21 38 79 88 74 60 13 59 67 17 75 21 65 34 14 21 17 12 35 62 4 59 18 76 71 34 19 100 46 63 50 71 13 68 41 73
81 76 88 87 88 75 91 71 49 42 99 100 97 36 9 97 17 22 47 29 18 72 89 98 64 70 79 39 80 47 91 79 89 2 6 25 63 67 67 2 64 15 82 88 16 25 16 46 90 28 15 49 89 56 28 13 16 10 25 65 96 44 80 84 30 72 25 59 71 76 91 90 68 3 40 52 36 35 68 65 22 46 78 76 87 4 47 72 90 23 75 34 48 17 82 46 67 31 45 42
45 79 17 96 30 87 96 74 28 77 51 30 8 73 79 26 10 14 32 69 90 30 39 36 64 45 71 66 79 51 2 52 66 81 99 40 37 37 28 5 67 45 64 24 55 39 7 90 33 64 33 68 25 76 1 47 71 19 74 48 46 90 24 92 19 83 91 41 25 29 88 68 83 89 85 61 7 53 30 69 34 43 63 82 83 100 46 81 10 16 84 47 11 41 75 45 10 30 23 76
50 83 60 91 63 90 78 43 83 59 85 81 42 71 50 78 7 53 90 4 74 6 66 77 30 12 79 87 68 2 15 5 52 9 35 28 19 89 78 57 33 59 0 33 18 43 35 82 25 47 99 54 29 52 99 73 1 54 24 59 48 81 69 3 31 100 33 9 33 45 93 64 21 4 24 86 78 10 67 69 69 57 50 3 20 49 87 45 53 74 56 34 26 26 42 80 59 37 55 14
89 97 75 28 61 61 91 4 94 57 25 81 11 48 26 23 77 44 43 65 8 54 96 20 15 79 55 66 16 51 74 58 60 86 3 17 14 71 44 56 86 85 15 23 99 89 24 3 24 23 54 95 58 43 32 22 51 43 49 92 63 99 46 60 41 69 67 88 32 36 10 63 79 29 45 78 46 26 93 43 95 22 10 52 25 31 64 35 34 87 41 18 95 26 44 76 4 10 65 51
89 96 9 67 29 17 81 35 1 36 8 67 63 92 39 62 48 96 15 36 49 91 15 20 20 83 4 35 66 56 23 80 97 66 8 61 81 21 48 69 86 9 25 25 42 86 54 9 18 16 31 38 66 33 18 57 90 29 34 56 97 95 88 25 40 45 80 83 15 72 9 47 26 2 73 48 42 60 15 63 98 17 16 4 28 99 48 37 59 22 62 2 65 26 9 70 16 21 24 64
62 19 94 18 56 58 45 58 71 72 14 1 37 35 69 40 87 46 16 55 89 75 14 33 98 43 49 61 12 28 42 8 4 52 36 28 51 33 45 62 4 14 25 33 46 72 66 77 20 65 92 48 37 51 44 69 14 15 14 46 60 66 32 5 9 43 22 58 1 31 84 1 87 73 10 100 82 34 56 57 43 25 11 59 22 47 80 60 93 35 68 5 75 29 28 15 99 46 3 42
44 22 46 27 50 61 83 44 42 1 15 99 90 66 33 29 84 6 44 34 3 25 73 12 42 50 61 74 11 75 99 45 28 41 59 68 44 47 62 96 32 53 62 87 80 75 94 54 62 24 51 40 36 59 97 93 97 78 17 58 41 25 90 53 2 18 65 18 10 19 94 65 40 83 34 45 41 91 56 57 24 33 23 64 71 49 70 49 64 2 45 84 78 82 31 24 7 55 99 9
31 27 50 91 42 69 94 41 64 72 13 61 41 61 76 16 6 88 54 54 76 17 100 35 57 2 33 30 92 17 44 98 37 73 67 71 11 17 44 58 29 32 74 13 8 7 40 42 24 35 67 69 70 26 87 17 24 83 65 93 46 95 29 47 31 94 23 47 46 42 60 1 15 41 26 46 61 12 7 87 13 52 71 90 51 48 34 52 6 88 20 52 44 60 60 54 67 13 77 36
83 46 50 56 38 67 25 72 97 36 27 67 63 22 73 56 24 57 12 71 68 22 36 56 59 88 81 17 61 65 56 97 90 7 54 34 50 36 96 78 30 22 21 44 49 91 37 18 22 42 22 88 12 51 74 34 41 74 48 40 16 7 36 100 63 48 77 69 74 56 71 1 73 37 100 88 28 15 21 64 71 54 10 55 24 17 69 91 59 8 18 90 86 46 33 92 52 6 57 93
98 10 29 48 16 82 22 16 95 73 25 58 55 90 76 48 84 96 79 11 20 39 71 26 63 76 66 38 54 94 46 19 34 65 62 66 1 96 42 21 84 70 27 32 97 18 33 30 65 21 51 95 62 13 54 32 28 67 43 18 7 95 81 72 87 1 48 77 40 57 46 38 43 1 3 61 27 24 39 54 37 32 56 13 39 89 34 28 17 12 68 41 33 24 68 64 17 49 39 53
21 76 9 57 32 61 48 59 63 31 45 65 32 48 2 82 2 41 15 36 9 74 70 6 84 42 76 4 83 9 73 56 44 75 22 46 69 53 23 86 78 43 85 90 57 30 60 72 70 90 93 40 24 47 86 11 65 85 12 12 68 83 49 61 88 28 5 26 50 47 69 34 35 95 10 1 74 25 55 45 89 27 44 55 83 87 39 48 52 21 60 70 84 70 94 62 78 99 11 77
31 91 70 26 86 87 14 91 25 23 75 2 77 79 8 36 7 57 81 80 16 99 11 25 76 25 17 18 34 69 28 85 78 72 38 69 62 67 56 38 37 68 23 85 70 52 25 63 16 63 29 29 36 33 81 73 45 73 72 35 73 3 29 26 51 63 54 3 19 4 54 36 29 32 80 72 15 8 4 13 47 99 79 63 98 61 99 16 83 7 55 22 55 47 66 6 15 100 95 16
93 47 42 3 90 14 11 28 78 33 74 84 88 5 53 47 16 67 65 49 97 67 80 65 98 82 8 21 71 91 73 24 68 75 54 63 14 74 35 34 53 54 85 63 14 54 6 32 73 86 8 69 1 76 64 22 46 10 20 82 74 63 49 22 32 99 32 26 23 72 17 16 100 46 27 55 31 45 8 21 1 17 53 46 36 65 73 84 74 34 92 48 21 3 63 54 43 94 48 12
92 5 96 57 50 99 17 45 11 26 52 11 70 89 1 28 17 67 15 9 98 89 15 16 7 63 34 69 4 34 28 21 80 97 54 63 42 72 83 33 8 25 31 97 55 53 55 55 23 4 67 6 12 71 61 7 31 75 94 84 97 31 3 38 60 87 28 29 55 20 83 23 33 22 19 73 42 47 67 89 73 26 94 100 73 21 87 58 25 5 27 24 3 42 22 27 55 31 61 79
42 90 90 66 45 25 28 21 2 53 98 1 18 39 83 47 34 79 30 59 54 26 27 3 43 50 74 95 100 47 74 73 57 44 40 40 75 35 17 47 72 49 54 19 88 60 82 66 59 76 97 76 57 67 39 16 56 85 64 9 87 100 57 6 55 1 43 64 93 65 47 94 49 54 31 25 35 91 13 65 94 60 14 50 3 28 80 11 29 48 91 98 11 92 27 94 33 56 64 9
35 75 91 66 55 25 9 97 23 93 65 98 87 73 97 50 53 62 40 96 1 23 8 83 66 10 40 68 4 80 45 59 40 63 89 70 52 2 7 94 87 76 88 37 20 20 32 92 28 68 20 8 95 29 24 3 18 69 35 73 72 13 37 17 63 20 42 87 23 26 11 97 39 16 28 25 62 4 3 26 98 34 12 50 69 63 46 36 19 81 71 13 48 76 98 75 56 42 54 85
